Bakhuysen      0,674560,52002 
Bradbury       0,407470,74365
Burroughs      0,712650,37939 
Dumont         0,557370,48096
Echus Overlook 0,241940,35498
Esperança      0,789060,52588
Gondor         0,933110,58545
Lakefront      0,693360,63818  
Odessa         0,633060,67529
Perseverança   0,665280,81787
Senzeni Na     0,189210,66260
Sheffield      0,158940,45849
Temperança     0,513430,67822
Underhill      0,378910,51318
Teste          0,837260,37463
Teste2         0,547320,98367
Arnold         0,000010,00001
arnold         0,000010,00001
a              0,000010,00001
b              0,000010,00001
c              0,100000,10000
a              0,100000,01000
c              0,100000,10000
c              0,500000,50000
1              1,000000,10000
a              0,000100,10000
a              0,000100,10000
a              0,000010,00001
fadas          0,001000,00100
fadas          0,001000,00100
a              0,200000,20000
a              0,400000,40000
a              0,400000,40000
a              0,500000,05000
c              0,100000,10000
a              0,000000,00000
c              0,100000,50000
a              0,100000,10000
a              0,600000,60000
a              0,100000,87000
a              0,100000,10000
q              0,100000,10000
c              0,100000,50000
a              0,100000,10000
a              0,100000,10000
a              0,100000,10000
a              0,100000,10000
a              0,200000,20000
c              0,400000,40000
